202008060101
202008060110
202008060218
202008060221
202008060329
202008060405
202008060409
202008060420
202008060427
202008060622
202008060629
202008060710
202008060918
202008061002
202008061012
202008061014
202008061017
202002140204
202002140306
202002140309
202002140321
202002140510
202002140821
202002140922
202002140924
202002141005
202002141019
202002141032
202002141231
202002141419
202033010104
202033010107
202007240119
202001150417
202001150427
202001150508
202001150616
202010080115
202004080612
202004080902
202008060101
202008060110
202008060218
202008060221
202008060329
202008060405
202008060409
202008060420
202008060427
202008060622
202008060629
202008060710
202008060918
202008061002
202008061012
202008061014
202008061017
202002140204
202002140306
202002140309
202002140321
202002140510
202002140821
202002140922
202002140924
202002141005
202002141019
202002141032
202002141231
202002141419
202033010104
202033010107
202007240119
202001150417
202001150427
202001150508
202001150616
202010080115
202004080612
202004080902
202004080204
202004080215
202004080227
202004080327
202004080422
202004080432
202004080508
202004080627
202006110115
202006110126
202006110217
202006110433
202012020212
202012020226
202012020314
202012020318
202012020323
202012020401
202012020404
202012020408
202012020413
202012020415
202012020417
202012020419
202033010129
202002140126
202002140206
202002140229
202002140232
202002140412
202002140523
202002140603
202002140605
202002140617
202002140707
202002140709
202002140711
202002140732
202002140808
202002140810
202002140910
202002140914
202002141133
202002141218
202002141233
202008060132
202008060226
202008060232
202008060305
202008060309
202008060323
202008060331
202008060333
202008060714
202008060718
202008060828
202008060901
202008060904
202008061023
202008061024
202008061025