20200806
20200214
20203301
20201202
20200724
20200611
20200612
20200502
20200408
20201008
20200313
20200115
20201125
20200114
20202802
20200105
20200803
20200103
20200608
20200205
20200946
20200610
20201004
20201001
20200422
20201206
20200715
20200504
20200945
20203301
20200722
20201107
20200708
20201301
20201202
20200433
20202705
20200721
20200705
20202702
20200901
20201306
20201118
20200817
20201201
20200506
20200613
20202701
20201126
20201411

20201434
20201420
20200306
20201419
2020105
2020106
2020108
2020303
2020505
2020507
2020904
2020905